n	load_factor	entry_count	i_refs	i_misses	lli_misses	i_missrate	lli_missrate	d_refs	d_refs_rd	d_refs_wr	d_misses	d_misses_rd	d_misses_wr	lld_misses	lld_misses_rd	lld_misses_wr	d_missrate	d_missrate_rd	d_missrate_wr	lld_missrate	lld_missrate_rd	lld_missrate_wr	ll_refs	ll_refs_rd	ll_refs_wr	ll_misses	ll_misses_rd	ll_misses_wr	ll_missrate	ll_missrate_rd	ll_missrate_wr	initial_fill	rm	fill	rm	fill	
2	0.5	2	234141	1442	1359	0.62%	0.58%	81729	60056	21673	3380	2735	645	2660	2102	558	4.1%	4.6%	3.0%	3.3%	3.5%	2.6%	4822	4177	645	4019	3461	558	1.3%	1.2%	2.6%	0.002604	0.002413	0.000931	0.000082	0.000162	
2	0.95	3	235095	1448	1364	0.62%	0.58%	82089	60283	21806	3380	2735	645	2660	2102	558	4.1%	4.5%	3.0%	3.2%	3.5%	2.6%	4828	4183	645	4024	3466	558	1.3%	1.2%	2.6%	0.003263	0.003229	0.001045	0.000081	0.000092	
3	0.5	4	235457	1445	1362	0.61%	0.58%	82276	60399	21877	3380	2735	645	2660	2102	558	4.1%	4.5%	2.9%	3.2%	3.5%	2.6%	4825	4180	645	4022	3464	558	1.3%	1.2%	2.6%	0.002584	0.002129	0.001442	0.000146	0.000084	
3	0.95	7	237371	1450	1365	0.61%	0.58%	83078	60911	22167	3380	2735	645	2660	2102	558	4.1%	4.5%	2.9%	3.2%	3.5%	2.5%	4830	4185	645	4025	3467	558	1.3%	1.2%	2.5%	0.003095	0.002788	0.001250	0.000061	0.000060	
4	0.5	8	237606	1444	1361	0.61%	0.57%	83203	60986	22217	3383	2735	648	2663	2102	561	4.1%	4.5%	2.9%	3.2%	3.4%	2.5%	4827	4179	648	4024	3463	561	1.3%	1.2%	2.5%	0.002946	0.002358	0.001617	0.000115	0.000098	
4	0.95	15	241781	1450	1365	0.60%	0.56%	84991	62136	22855	3385	2735	650	2665	2102	563	4.0%	4.4%	2.8%	3.1%	3.4%	2.5%	4835	4185	650	4030	3467	563	1.2%	1.1%	2.5%	0.003112	0.002562	0.000950	0.000064	0.000107	
5	0.5	16	242154	1445	1362	0.60%	0.56%	85134	62216	22918	3387	2735	652	2667	2102	565	4.0%	4.4%	2.8%	3.1%	3.4%	2.5%	4832	4180	652	4029	3464	565	1.2%	1.1%	2.5%	0.002751	0.002450	0.001401	0.000078	0.000059	
5	0.95	30	250501	1450	1365	0.58%	0.54%	88705	64508	24197	3391	2735	656	2671	2102	569	3.8%	4.2%	2.7%	3.0%	3.3%	2.4%	4841	4185	656	4036	3467	569	1.2%	1.1%	2.4%	0.003509	0.003370	0.001216	0.000101	0.000099	
6	0.5	32	250641	1446	1363	0.58%	0.54%	88818	64533	24285	3396	2735	661	2676	2102	574	3.8%	4.2%	2.7%	3.0%	3.3%	2.4%	4842	4181	661	4039	3465	574	1.2%	1.1%	2.4%	0.003396	0.002500	0.001098	0.000087	0.000102	
6	0.95	60	267089	1450	1365	0.54%	0.51%	95881	69054	26827	3403	2735	668	2683	2102	581	3.5%	4.0%	2.5%	2.8%	3.0%	2.2%	4853	4185	668	4048	3467	581	1.1%	1.0%	2.2%	0.003139	0.004571	0.001028	0.000092	0.000184	
7	0.5	64	267857	1445	1362	0.54%	0.51%	96261	69233	27028	3415	2736	679	2694	2102	592	3.5%	4.0%	2.5%	2.8%	3.0%	2.2%	4860	4181	679	4056	3464	592	1.1%	1.0%	2.2%	0.002658	0.002151	0.001344	0.000114	0.000073	
7	0.95	121	301719	1450	1365	0.48%	0.45%	110858	78594	32264	3430	2736	694	2709	2102	607	3.1%	3.5%	2.2%	2.4%	2.7%	1.9%	4880	4186	694	4074	3467	607	1.0%	0.9%	1.9%	0.003875	0.004075	0.000934	0.000194	0.000129	
8	0.5	128	304493	1444	1361	0.47%	0.45%	113372	78637	34735	3451	2736	715	2730	2102	628	3.0%	3.5%	2.1%	2.4%	2.7%	1.8%	4895	4180	715	4091	3463	628	1.0%	0.9%	1.8%	0.002632	0.002372	0.001684	0.000222	0.000127	
8	0.95	243	372951	1451	1366	0.39%	0.37%	142806	97516	45290	3481	2737	744	2759	2102	657	2.4%	2.8%	1.6%	1.9%	2.2%	1.5%	4932	4188	744	4125	3468	657	0.8%	0.7%	1.5%	0.003410	0.002804	0.001401	0.000208	0.000185	
9	0.5	256	375411	1450	1365	0.39%	0.36%	145166	97481	47685	3537	2748	789	2802	2102	700	2.4%	2.8%	1.7%	1.9%	2.2%	1.5%	4987	4198	789	4167	3467	700	0.8%	0.7%	1.5%	0.002893	0.004280	0.001026	0.000245	0.000149	
9	0.95	486	514192	1456	1369	0.28%	0.27%	204946	135858	69088	3611	2763	848	2860	2102	758	1.8%	2.0%	1.2%	1.4%	1.5%	1.1%	5067	4219	848	4229	3471	758	0.6%	0.5%	1.1%	0.003299	0.002674	0.001072	0.000623	0.000247	
10	0.5	512	517011	1446	1363	0.28%	0.26%	208667	135094	73573	3762	2824	938	2946	2102	844	1.8%	2.1%	1.3%	1.4%	1.6%	1.1%	5208	4270	938	4309	3465	844	0.6%	0.5%	1.1%	0.002881	0.002692	0.001149	0.000351	0.000264	
10	0.95	972	776984	1451	1366	0.19%	0.18%	319992	206126	113866	4202	3081	1121	3061	2102	959	1.3%	1.5%	1.0%	1.0%	1.0%	0.8%	5653	4532	1121	4427	3468	959	0.4%	0.4%	0.8%	0.003550	0.002814	0.001266	0.001212	0.000436	
11	0.5	1024	804520	1444	1362	0.18%	0.17%	339835	210439	129396	5453	3718	1735	3234	2102	1132	1.6%	1.8%	1.3%	1.0%	1.0%	0.9%	6897	5162	1735	4596	3464	1132	0.4%	0.3%	0.9%	0.003266	0.002878	0.001238	0.000649	0.000548	
11	0.95	1945	1349617	1449	1365	0.11%	0.10%	573929	360479	213450	6836	4404	2432	3465	2102	1363	1.2%	1.2%	1.1%	0.6%	0.6%	0.6%	8285	5853	2432	4830	3467	1363	0.3%	0.2%	0.6%	0.004270	0.004344	0.001757	0.001211	0.000775	
12	0.5	2048	1374831	1442	1360	0.10%	0.10%	597869	360949	236920	17729	8857	8872	3810	2102	1708	3.0%	2.5%	3.7%	0.6%	0.6%	0.7%	19171	10299	8872	5170	3462	1708	0.3%	0.2%	0.7%	0.003689	0.004075	0.001680	0.001956	0.002853	
12	0.95	3891	2455895	1449	1365	0.06%	0.06%	1063256	659059	404197	29592	14831	14761	4271	2102	2169	2.8%	2.3%	3.7%	0.4%	0.3%	0.5%	31041	16280	14761	5636	3467	2169	0.2%	0.1%	0.5%	0.005173	0.005931	0.002362	0.003347	0.001505	
13	0.5	4096	2515581	1443	1358	0.06%	0.05%	1113971	662010	451961	47708	26341	21367	4962	2102	2860	4.3%	4.0%	4.7%	0.4%	0.3%	0.6%	49151	27784	21367	6320	3460	2860	0.2%	0.1%	0.6%	0.004183	0.005103	0.002302	0.002761	0.001562	
13	0.95	7782	4730954	1448	1362	0.03%	0.03%	2068248	1274855	793393	87007	49851	37156	5882	2101	3781	4.2%	3.9%	4.7%	0.3%	0.2%	0.5%	88455	51299	37156	7244	3463	3781	0.1%	0.1%	0.5%	0.006394	0.008016	0.004019	0.005160	0.003408	
14	0.5	8192	4796905	1439	1354	0.03%	0.03%	2146120	1264099	882021	147574	89087	58487	7265	2101	5164	6.9%	7.0%	6.6%	0.3%	0.2%	0.6%	149013	90526	58487	8619	3455	5164	0.1%	0.1%	0.6%	0.005884	0.007398	0.004767	0.005396	0.002955	
14	0.95	15564	9228205	1448	1362	0.02%	0.01%	4056988	2491054	1565934	277696	172943	104753	9108	2101	7007	6.8%	6.9%	6.7%	0.2%	0.1%	0.4%	279144	174391	104753	10470	3463	7007	0.1%	0.0%	0.4%	0.009907	0.014385	0.007356	0.011008	0.005960	
15	0.5	16384	9366041	1439	1354	0.02%	0.01%	4212252	2470076	1742176	311204	194498	116706	11873	2101	9772	7.4%	7.9%	6.7%	0.3%	0.1%	0.6%	312643	195937	116706	13227	3455	9772	0.1%	0.0%	0.6%	0.009072	0.013170	0.007930	0.012281	0.006094	
15	0.95	31129	18592149	1445	1359	0.01%	0.01%	8121966	5020485	3101481	626415	416216	210199	15559	2101	13458	7.7%	8.3%	6.8%	0.2%	0.0%	0.4%	627860	417661	210199	16918	3460	13458	0.1%	0.0%	0.4%	0.018535	0.024186	0.014350	0.021506	0.012951	
16	0.5	32768	18882129	1442	1357	0.01%	0.01%	8452489	4990006	3462483	667436	434215	233221	21089	2101	18988	7.9%	8.7%	6.7%	0.2%	0.0%	0.5%	668878	435657	233221	22446	3458	18988	0.1%	0.0%	0.5%	0.017052	0.027529	0.015114	0.023209	0.013902	
16	0.95	62259	37455844	1446	1360	0.00%	0.00%	16260633	10099555	6161078	1348573	933984	414589	28461	2101	26360	8.3%	9.2%	6.7%	0.2%	0.0%	0.4%	1350019	935430	414589	29821	3461	26360	0.1%	0.0%	0.4%	0.033670	0.047478	0.034152	0.045799	0.029982	
17	0.5	65536	37254707	1442	1357	0.00%	0.00%	16744537	9841413	6903124	1319079	853405	465674	39521	2101	37420	7.9%	8.7%	6.7%	0.2%	0.0%	0.5%	1320521	854847	465674	40878	3458	37420	0.1%	0.0%	0.5%	0.031741	0.050515	0.029618	0.050251	0.030851	
17	0.95	124518	72448497	1449	1363	0.00%	0.00%	31788766	19546230	12242536	2526381	1666774	859607	54266	2101	52165	7.9%	8.5%	7.0%	0.2%	0.0%	0.4%	2527830	1668223	859607	55629	3464	52165	0.1%	0.0%	0.4%	0.061787	0.096464	0.058126	0.096622	0.070265	
18	0.5	131072	73442064	1445	1360	0.00%	0.00%	33170417	19383657	13786760	2520237	1589663	930574	76385	2101	74284	7.6%	8.2%	6.7%	0.2%	0.0%	0.5%	2521682	1591108	930574	77745	3461	74284	0.1%	0.0%	0.5%	0.060551	0.107940	0.057057	0.105538	0.060471	
18	0.95	249036	145673161	1443	1360	0.00%	0.00%	64101823	39383434	24718389	4940511	3270971	1669540	105876	2101	103775	7.7%	8.3%	6.8%	0.2%	0.0%	0.4%	4941954	3272414	1669540	107236	3461	103775	0.1%	0.0%	0.4%	0.127118	0.205727	0.126676	0.200365	0.123411	
19	0.5	262144	146248245	1439	1399	0.00%	0.00%	66142030	38595046	27546984	5002386	3142030	1860356	282023	100960	181063	7.6%	8.1%	6.8%	0.4%	0.3%	0.7%	5003825	3143469	1860356	283422	102359	181063	0.1%	0.1%	0.7%	0.117251	0.234346	0.115282	0.232664	0.109457	
19	0.95	498073	279444060	1434	1394	0.00%	0.00%	123311968	75069811	48242157	9454350	6026530	3427820	636055	278043	358012	7.7%	8.0%	7.1%	0.5%	0.4%	0.7%	9455784	6027964	3427820	637449	279437	358012	0.2%	0.1%	0.7%	0.256763	0.451573	0.217242	0.427606	0.227566	
20	0.5	524288	292344589	1432	1422	0.00%	0.00%	132228806	77150541	55078265	10007875	6287955	3719920	3081340	1367075	1714265	7.6%	8.2%	6.8%	2.3%	1.8%	3.1%	10009307	6289387	3719920	3082762	1368497	1714265	0.7%	0.4%	3.1%	0.245700	0.522054	0.235815	0.531586	0.244241	
20	0.95	996147	574315938	1436	1426	0.00%	0.00%	253715059	155115087	98599972	19006307	12312496	6693811	5949920	2941834	3008086	7.5%	7.9%	6.8%	2.3%	1.9%	3.1%	19007743	12313932	6693811	5951346	2943260	3008086	0.7%	0.4%	3.1%	0.531420	1.038042	0.500887	1.011285	0.490855	
21	0.5	1048576	584290217	1433	1423	0.00%	0.00%	264322695	154200420	110122275	20018794	12579668	7439126	10790676	5698369	5092307	7.6%	8.2%	6.8%	4.1%	3.7%	4.6%	20020227	12581101	7439126	10792099	5699792	5092307	1.3%	0.8%	4.6%	0.555013	1.173979	0.536196	1.172655	0.535956	
21	0.95	1992294	1145237954	1423	1413	0.00%	0.00%	505764640	309066947	196697693	38003709	24541574	13462135	20609503	11593585	9015918	7.5%	7.9%	6.8%	4.1%	3.8%	4.6%	38005132	24542997	13462135	20610916	11594998	9015918	1.2%	0.8%	4.6%	1.158441	2.236788	1.121404	2.251758	1.111208	
