n	load_factor	entry_count	i_refs	i_misses	lli_misses	i_missrate	lli_missrate	d_refs	d_refs_rd	d_refs_wr	d_misses	d_misses_rd	d_misses_wr	lld_misses	lld_misses_rd	lld_misses_wr	d_missrate	d_missrate_rd	d_missrate_wr	lld_missrate	lld_missrate_rd	lld_missrate_wr	ll_refs	ll_refs_rd	ll_refs_wr	ll_misses	ll_misses_rd	ll_misses_wr	ll_missrate	ll_missrate_rd	ll_missrate_wr	initial_fill	rm	fill	rm	fill	
2	0.5	2	234178	1449	1364	0.62%	0.58%	81734	60058	21676	3380	2735	645	2659	2101	558	4.1%	4.6%	3.0%	3.3%	3.5%	2.6%	4829	4184	645	4023	3465	558	1.3%	1.2%	2.6%	0.002634	0.002024	0.000964	0.000107	0.000090	
2	0.95	3	234846	1452	1366	0.62%	0.58%	82018	60239	21779	3380	2735	645	2659	2101	558	4.1%	4.5%	3.0%	3.2%	3.5%	2.6%	4832	4187	645	4025	3467	558	1.3%	1.2%	2.6%	0.003160	0.002441	0.000907	0.000098	0.000110	
3	0.5	4	235553	1448	1364	0.61%	0.58%	82301	60417	21884	3380	2735	645	2659	2101	558	4.1%	4.5%	2.9%	3.2%	3.5%	2.5%	4828	4183	645	4023	3465	558	1.3%	1.2%	2.5%	0.002877	0.002705	0.001079	0.000063	0.000060	
3	0.95	7	237374	1451	1366	0.61%	0.58%	83091	60923	22168	3380	2735	645	2659	2101	558	4.1%	4.5%	2.9%	3.2%	3.4%	2.5%	4831	4186	645	4025	3467	558	1.3%	1.2%	2.5%	0.004273	0.002618	0.001377	0.000089	0.000090	
4	0.5	8	237469	1448	1364	0.61%	0.57%	83148	60953	22195	3383	2735	648	2662	2101	561	4.1%	4.5%	2.9%	3.2%	3.4%	2.5%	4831	4183	648	4026	3465	561	1.3%	1.2%	2.5%	0.002896	0.003036	0.000959	0.000065	0.000094	
4	0.95	15	241845	1451	1366	0.60%	0.56%	85016	62159	22857	3385	2735	650	2664	2101	563	4.0%	4.4%	2.8%	3.1%	3.4%	2.5%	4836	4186	650	4030	3467	563	1.2%	1.1%	2.5%	0.003142	0.002893	0.000891	0.000077	0.000059	
5	0.5	16	241978	1448	1364	0.60%	0.56%	85057	62167	22890	3387	2735	652	2666	2101	565	4.0%	4.4%	2.8%	3.1%	3.4%	2.5%	4835	4183	652	4030	3465	565	1.2%	1.1%	2.5%	0.002776	0.002227	0.000913	0.000061	0.000064	
5	0.95	30	250537	1451	1366	0.58%	0.55%	88744	64544	24200	3391	2735	656	2670	2101	569	3.8%	4.2%	2.7%	3.0%	3.3%	2.4%	4842	4186	656	4036	3467	569	1.2%	1.1%	2.4%	0.002936	0.002893	0.001126	0.000125	0.000093	
6	0.5	32	250462	1448	1364	0.58%	0.54%	88723	64472	24251	3396	2735	661	2675	2101	574	3.8%	4.2%	2.7%	3.0%	3.3%	2.4%	4844	4183	661	4039	3465	574	1.2%	1.1%	2.4%	0.002739	0.002881	0.000918	0.000111	0.000123	
6	0.95	60	266910	1451	1366	0.54%	0.51%	95862	69054	26808	3403	2735	668	2682	2101	581	3.5%	4.0%	2.5%	2.8%	3.0%	2.2%	4854	4186	668	4048	3467	581	1.1%	1.0%	2.2%	0.003955	0.003127	0.000915	0.000287	0.000107	
7	0.5	64	268064	1448	1364	0.54%	0.51%	96266	69238	27028	3415	2736	679	2693	2101	592	3.5%	4.0%	2.5%	2.8%	3.0%	2.2%	4863	4184	679	4057	3465	592	1.1%	1.0%	2.2%	0.002718	0.004202	0.001023	0.000123	0.000074	
7	0.95	121	301881	1451	1366	0.48%	0.45%	111010	78728	32282	3430	2736	694	2708	2101	607	3.1%	3.5%	2.1%	2.4%	2.7%	1.9%	4881	4187	694	4074	3467	607	1.0%	0.9%	1.9%	0.002890	0.003689	0.000936	0.000184	0.000122	
8	0.5	128	304876	1447	1363	0.47%	0.45%	113375	78642	34733	3451	2736	715	2729	2101	628	3.0%	3.5%	2.1%	2.4%	2.7%	1.8%	4898	4183	715	4092	3464	628	1.0%	0.9%	1.8%	0.003126	0.002449	0.001766	0.000145	0.000130	
8	0.95	243	373174	1453	1368	0.39%	0.37%	143101	97758	45343	3481	2737	744	2758	2101	657	2.4%	2.8%	1.6%	1.9%	2.1%	1.4%	4934	4190	744	4126	3469	657	0.8%	0.7%	1.4%	0.003283	0.003254	0.001340	0.000246	0.000285	
9	0.5	256	376200	1453	1367	0.39%	0.36%	145188	97495	47693	3531	2743	788	2801	2101	700	2.4%	2.8%	1.7%	1.9%	2.2%	1.5%	4984	4196	788	4168	3468	700	0.8%	0.7%	1.5%	0.003723	0.003229	0.001133	0.000236	0.000171	
9	0.95	486	514924	1457	1370	0.28%	0.27%	205692	136498	69194	3607	2759	848	2859	2101	758	1.8%	2.0%	1.2%	1.4%	1.5%	1.1%	5064	4216	848	4229	3471	758	0.6%	0.5%	1.1%	0.003651	0.002903	0.001867	0.001019	0.000353	
10	0.5	512	518527	1449	1365	0.28%	0.26%	208669	135100	73569	3752	2815	937	2945	2101	844	1.8%	2.1%	1.3%	1.4%	1.6%	1.1%	5201	4264	937	4310	3466	844	0.6%	0.5%	1.1%	0.002651	0.003188	0.001474	0.000402	0.000324	
10	0.95	972	779634	1450	1365	0.19%	0.18%	321701	207323	114378	4175	3061	1114	3060	2101	959	1.3%	1.5%	1.0%	1.0%	1.0%	0.8%	5625	4511	1114	4425	3466	959	0.4%	0.4%	0.8%	0.004822	0.004052	0.002815	0.000717	0.000427	
11	0.5	1024	807506	1447	1364	0.18%	0.17%	339853	210454	129399	5436	3706	1730	3233	2101	1132	1.6%	1.8%	1.3%	1.0%	1.0%	0.9%	6883	5153	1730	4597	3465	1132	0.4%	0.3%	0.9%	0.003938	0.003104	0.002030	0.000757	0.000498	
11	0.95	1945	1353298	1451	1367	0.11%	0.10%	577479	363282	214197	6817	4394	2423	3464	2101	1363	1.2%	1.2%	1.1%	0.6%	0.6%	0.6%	8268	5845	2423	4831	3468	1363	0.3%	0.2%	0.6%	0.003779	0.004767	0.002384	0.001434	0.000739	
12	0.5	2048	1380753	1445	1362	0.10%	0.10%	597795	360905	236890	17708	8842	8866	3809	2101	1708	3.0%	2.4%	3.7%	0.6%	0.6%	0.7%	19153	10287	8866	5171	3463	1708	0.3%	0.2%	0.7%	0.003445	0.004377	0.001978	0.004045	0.000757	
12	0.95	3891	2461372	1450	1366	0.06%	0.06%	1067825	662812	405013	29572	15443	14129	4269	2100	2169	2.8%	2.3%	3.5%	0.4%	0.3%	0.5%	31022	16893	14129	5635	3466	2169	0.2%	0.1%	0.5%	0.005335	0.006572	0.002448	0.003861	0.002360	
13	0.5	4096	2527765	1445	1359	0.06%	0.05%	1113936	661991	451945	47695	26328	21367	4960	2100	2860	4.3%	4.0%	4.7%	0.4%	0.3%	0.6%	49140	27773	21367	6319	3459	2860	0.2%	0.1%	0.6%	0.004319	0.007207	0.002340	0.003769	0.002218	
13	0.95	7782	4737363	1448	1362	0.03%	0.03%	2078160	1283441	794719	86996	51937	35059	5881	2100	3781	4.2%	4.0%	4.4%	0.3%	0.2%	0.5%	88444	53385	35059	7243	3462	3781	0.1%	0.1%	0.5%	0.007415	0.008746	0.004046	0.005717	0.004156	
14	0.5	8192	4821465	1445	1359	0.03%	0.03%	2146109	1264091	882018	147564	89077	58487	7264	2100	5164	6.9%	7.0%	6.6%	0.3%	0.2%	0.6%	149009	90522	58487	8623	3459	5164	0.1%	0.1%	0.6%	0.005551	0.018423	0.003733	0.005986	0.003714	
14	0.95	15564	9239525	1449	1363	0.02%	0.01%	4074232	2506787	1567445	277685	179670	98015	9107	2100	7007	6.8%	7.2%	6.3%	0.2%	0.1%	0.4%	279134	181119	98015	10470	3463	7007	0.1%	0.0%	0.4%	0.010692	0.019953	0.008517	0.032247	0.012708	
15	0.5	16384	9415234	1445	1359	0.02%	0.01%	4212259	2470078	1742181	311195	194489	116706	11872	2100	9772	7.4%	7.9%	6.7%	0.3%	0.1%	0.6%	312640	195934	116706	13231	3459	9772	0.1%	0.0%	0.6%	0.009931	0.016287	0.008525	0.012380	0.007630	
15	0.95	31129	18623982	1446	1360	0.01%	0.01%	8168598	5058105	3110493	626406	434831	191575	15558	2100	13458	7.7%	8.6%	6.2%	0.2%	0.0%	0.4%	627852	436277	191575	16918	3460	13458	0.1%	0.0%	0.4%	0.018178	0.028989	0.014817	0.025427	0.014488	
16	0.5	32768	18980440	1445	1359	0.01%	0.01%	8452492	4990009	3462483	667427	434206	233221	21088	2100	18988	7.9%	8.7%	6.7%	0.2%	0.0%	0.5%	668872	435651	233221	22447	3459	18988	0.1%	0.0%	0.5%	0.020877	0.042137	0.017042	0.027428	0.013523	
16	0.95	62259	37571418	1446	1360	0.00%	0.00%	16363376	10183865	6179511	1348563	960014	388549	28460	2100	26360	8.2%	9.4%	6.3%	0.2%	0.0%	0.4%	1350009	961460	388549	29820	3460	26360	0.1%	0.0%	0.4%	0.036308	0.073941	0.035572	0.051996	0.030331	
17	0.5	65536	37451309	1445	1359	0.00%	0.00%	16744539	9841415	6903124	1319071	853397	465674	39520	2100	37420	7.9%	8.7%	6.7%	0.2%	0.0%	0.5%	1320516	854842	465674	40879	3459	37420	0.1%	0.0%	0.5%	0.035415	0.071378	0.032264	0.052395	0.028832	
17	0.95	124518	72613069	1450	1364	0.00%	0.00%	31930592	19657920	12272672	2526372	1735375	790997	54265	2100	52165	7.9%	8.8%	6.4%	0.2%	0.0%	0.4%	2527822	1736825	790997	55629	3464	52165	0.1%	0.0%	0.4%	0.070668	0.111209	0.062743	0.099775	0.056178	
18	0.5	131072	73836185	1448	1362	0.00%	0.00%	33176378	19387634	13788744	2520226	1591650	928576	76384	2100	74284	7.6%	8.2%	6.7%	0.2%	0.0%	0.5%	2521674	1593098	928576	77746	3462	74284	0.1%	0.0%	0.5%	0.069080	0.126185	0.057040	0.107239	0.054512	
18	0.95	249036	145901624	1443	1360	0.00%	0.00%	64394502	39646774	24747728	4940502	3374303	1566199	105875	2100	103775	7.7%	8.5%	6.3%	0.2%	0.0%	0.4%	4941945	3375746	1566199	107235	3460	103775	0.1%	0.0%	0.4%	0.139899	0.230556	0.122708	0.235669	0.128578	
19	0.5	262144	147034567	1440	1400	0.00%	0.00%	66141993	38595026	27546967	5002374	3142018	1860356	282003	100944	181059	7.6%	8.1%	6.8%	0.4%	0.3%	0.7%	5003814	3143458	1860356	283403	102344	181059	0.1%	0.1%	0.7%	0.126811	0.251854	0.115676	0.253599	0.120247	
19	0.95	498073	280823827	1435	1395	0.00%	0.00%	124077274	75612773	48464501	9454341	6277663	3176678	636039	278030	358009	7.6%	8.3%	6.6%	0.5%	0.4%	0.7%	9455776	6279098	3176678	637434	279425	358009	0.2%	0.1%	0.7%	0.257237	0.471129	0.235799	0.465994	0.229595	
20	0.5	524288	293920089	1434	1424	0.00%	0.00%	132244768	77161184	55083584	10007865	6293267	3714598	3081331	1369396	1711935	7.6%	8.2%	6.7%	2.3%	1.8%	3.1%	10009299	6294701	3714598	3082755	1370820	1711935	0.7%	0.4%	3.1%	0.283889	0.601358	0.263558	0.540223	0.252883	
20	0.95	996147	575380545	1438	1428	0.00%	0.00%	255012859	156235269	98777590	19006298	12770998	6235300	5949907	3042356	2907551	7.5%	8.2%	6.3%	2.3%	1.9%	2.9%	19007736	12772436	6235300	5951335	3043784	2907551	0.7%	0.4%	2.9%	0.567116	1.086133	0.520205	1.057135	0.515615	
21	0.5	1048576	587435934	1436	1426	0.00%	0.00%	264322696	154200424	110122272	20018785	12579659	7439126	10790663	5698356	5092307	7.6%	8.2%	6.8%	4.1%	3.7%	4.6%	20020221	12581095	7439126	10792089	5699782	5092307	1.3%	0.8%	4.6%	0.586080	1.175852	0.544597	1.241829	0.547172	
21	0.95	1992294	1147720575	1424	1414	0.00%	0.00%	508435903	311294733	197141170	38003699	25518859	12484840	20609488	12077684	8531804	7.5%	8.2%	6.3%	4.1%	3.9%	4.3%	38005123	25520283	12484840	20610902	12079098	8531804	1.2%	0.8%	4.3%	1.206493	2.284288	1.147451	2.241384	1.138070	
22	0.5	2097152	1174637940	1423	1413	0.00%	0.00%	528563718	308341000	220222718	40041520	25164159	14877361	37719672	22907180	14812492	7.6%	8.2%	6.8%	7.1%	7.4%	6.7%	40042943	25165582	14877361	37721085	22908593	14812492	2.2%	1.5%	6.7%	1.210027	2.420240	1.134541	2.416628	1.148671	
22	0.95	3984588	2315877107	1424	1414	0.00%	0.00%	1026846739	629844644	397002095	76131001	51634239	24496762	71836368	47445807	24390561	7.4%	8.2%	6.2%	7.0%	7.5%	6.1%	76132425	51635663	24496762	71837782	47447221	24390561	2.1%	1.6%	6.1%	2.487816	4.632632	2.377864	4.617577	2.401267	
23	0.5	4194304	2349043008	1422	1412	0.00%	0.00%	1057046010	616622335	440423675	80083403	50329274	29754129	78521890	48790856	29731034	7.6%	8.2%	6.8%	7.4%	7.9%	6.8%	80084825	50330696	29754129	78523302	48792268	29731034	2.3%	1.6%	6.8%	2.352786	4.815909	2.243419	4.787524	2.220667	
23	0.95	7969177	4613101919	1444	1434	0.00%	0.00%	2044410792	1252906991	791503801	152168979	102647380	49521599	149303704	99810968	49492736	7.4%	8.2%	6.3%	7.3%	8.0%	6.3%	152170423	102648824	49521599	149305138	99812402	49492736	2.2%	1.7%	6.3%	4.807883	9.310368	4.691825	9.310335	4.689047	
24	0.5	8388608	4697854515	1461	1451	0.00%	0.00%	2114011102	1233185357	880825745	160166971	100659517	59507454	159000147	99504528	59495619	7.6%	8.2%	6.8%	7.5%	8.1%	6.8%	160168432	100660978	59507454	159001598	99505979	59495619	2.3%	1.7%	6.8%	4.715620	10.060443	4.528141	9.749485	4.551033	
24	0.95	15938355	9195656861	1469	1459	0.00%	0.00%	4074888854	2495780583	1579108271	304210973	204040685	100170288	302041314	201885700	100155614	7.5%	8.2%	6.3%	7.4%	8.1%	6.3%	304212442	204042154	100170288	302042773	201887159	100155614	2.3%	1.7%	6.3%	9.611054	18.748318	9.487459	18.717129	9.792950	
